617 + 6 -> I

304 + 6 -> II

616 + 6 -> III

305 + 6 -> IV



304
305
306
307
308
309
310
311
312

616
617
618
619
620
621
622
623
624

305
306
307
308
309
310
311
312
313

617
618
619
620
621
622
623
624
0

304
305
306
307
308
309
310
311
312
616
617
618
619
620
621
622
623
624
305
306
307
308
309
310
311
312
313
617
618
619
620
621
622
623
624
0
304
305
306
307
308
309
310
311
312
616
617
618
619
620
621
622
623
624
305
306
307
308
309
310
311
312
313
617
618
619
620
621
622
623
624
0
304
305
306
307
308
309
310
311
312
616
617
618
619
620
621
622
623
624
305
306
307
308
309
310
311
312
313
617
618
619
620
621
622
623
624
0
304
305
306
307
308
309
310
311
312
616
617
618
619
620
621
622
623
624